2 0.2255859375 0.7225475841874085 0.04296875 0.0629575402635432
2 0.3359375 0.4633967789165447 0.02734375 0.05710102489019034
2 0.37158203125 0.6354319180087847 0.0361328125 0.05856515373352855
2 0.41552734375 0.42020497803806733 0.0263671875 0.040995607613469986
2 0.5087890625 0.7364568081991215 0.033203125 0.07320644216691069
2 0.50927734375 0.2657393850658858 0.0263671875 0.05417276720351391
2 0.5146484375 0.3396778916544656 0.029296875 0.029282576866764276
2 0.5751953125 0.2518301610541728 0.021484375 0.06149341142020498
2 0.6328125 0.3762811127379209 0.025390625 0.04978038067349927
2 0.638671875 0.21742313323572474 0.025390625 0.05124450951683748
2 0.82470703125 0.4253294289897511 0.0146484375 0.05710102489019034