2 0.02978515625 0.836441893830703 0.0595703125 0.31850789096126253
2 0.046875 0.32281205164992827 0.015625 0.028694404591104734
2 0.06103515625 0.3163558106169297 0.0107421875 0.027259684361549498
2 0.09814453125 0.3385939741750359 0.0166015625 0.02295552367288379
2 0.1279296875 0.34218077474892394 0.015625 0.027259684361549498
2 0.16845703125 0.6341463414634146 0.0908203125 0.19225251076040173
2 0.1396484375 0.3938307030129125 0.02734375 0.058823529411764705
2 0.21240234375 0.296987087517934 0.0146484375 0.028694404591104734
2 0.25048828125 0.32568149210903874 0.0205078125 0.03443328550932568
2 0.2509765625 0.2919655667144907 0.015625 0.027259684361549498
2 0.27197265625 0.4562410329985653 0.0244140625 0.03156384505021521
2 0.28564453125 0.36441893830703015 0.0224609375 0.03156384505021521
2 0.29931640625 0.30774748923959827 0.0205078125 0.03012912482065997
2 0.314453125 0.3637015781922525 0.01953125 0.027259684361549498
2 0.3193359375 0.45265423242467717 0.025390625 0.035868005738880916
2 0.34326171875 0.3500717360114778 0.0205078125 0.028694404591104734
2 0.376953125 0.3428981348637016 0.0234375 0.02582496413199426
2 0.49609375 0.8091822094691535 0.03515625 0.21233859397417504
2 0.50927734375 0.3335724533715925 0.0341796875 0.11047345767575323
2 0.5654296875 0.3436154949784792 0.025390625 0.035868005738880916
2 0.783203125 0.4612625538020086 0.02734375 0.03873744619799139
2 0.86328125 0.45552367288378764 0.02734375 0.05021520803443329
2 0.90771484375 0.563845050215208 0.0322265625 0.05738880918220947
2 0.9208984375 0.4483500717360115 0.0234375 0.03873744619799139
2 0.94287109375 0.47417503586800575 0.0224609375 0.04160688665710186