2 0.09716796875 0.23372395833333334 0.0419921875 0.07161458333333333
2 0.1494140625 0.16341145833333334 0.0390625 0.07682291666666667
2 0.20947265625 0.37890625 0.0341796875 0.07291666666666667
2 0.21630859375 0.22135416666666666 0.0439453125 0.08072916666666667
2 0.3369140625 0.431640625 0.037109375 0.06380208333333333
2 0.34521484375 0.189453125 0.0419921875 0.06380208333333333
2 0.45458984375 0.166015625 0.0400390625 0.048177083333333336
2 0.51318359375 0.4303385416666667 0.0341796875 0.06380208333333333
2 0.52001953125 0.2760416666666667 0.0400390625 0.0703125
2 0.52392578125 0.18489583333333334 0.0341796875 0.0625
2 0.5751953125 0.19596354166666666 0.03515625 0.06380208333333333
2 0.62255859375 0.265625 0.0380859375 0.0625
2 0.68798828125 0.22395833333333334 0.0419921875 0.059895833333333336
2 0.75439453125 0.2421875 0.0322265625 0.0546875
2 0.7744140625 0.3958333333333333 0.041015625 0.078125
2 0.83203125 0.2747395833333333 0.033203125 0.06510416666666667
2 0.86572265625 0.310546875 0.0322265625 0.053385416666666664