2 0.01220703125 0.12736535662299855 0.0244140625 0.04512372634643377
2 0.03564453125 0.08296943231441048 0.0205078125 0.040756914119359534
2 0.052734375 0.17758369723435224 0.041015625 0.07278020378457059
2 0.0654296875 0.05604075691411936 0.01171875 0.018922852983988356
2 0.1015625 0.1098981077147016 0.01953125 0.039301310043668124
2 0.099609375 0.07423580786026202 0.015625 0.020378457059679767
2 0.14892578125 0.22561863173216884 0.0419921875 0.09315866084425037
2 0.15625 0.12954876273653565 0.029296875 0.055312954876273655
2 0.15087890625 0.07423580786026202 0.0146484375 0.034934497816593885
2 0.17578125 0.2081513828238719 0.025390625 0.055312954876273655
2 0.181640625 0.11353711790393013 0.0234375 0.040756914119359534
2 0.22021484375 0.07569141193595343 0.0185546875 0.026200873362445413
2 0.24169921875 0.1215429403202329 0.0224609375 0.050946142649199416
2 0.26025390625 0.09461426491994178 0.0185546875 0.043668122270742356
2 0.31005859375 0.16812227074235808 0.0439453125 0.08296943231441048
2 0.3583984375 0.13609898107714702 0.021484375 0.048034934497816595
2 0.38232421875 0.34788937409024745 0.0498046875 0.11062590975254731
2 0.3984375 0.17467248908296942 0.037109375 0.07278020378457059
2 0.4326171875 0.1339155749636099 0.0234375 0.040756914119359534
2 0.43798828125 0.09024745269286755 0.0244140625 0.026200873362445413
2 0.49169921875 0.1812227074235808 0.0302734375 0.053857350800582245
2 0.5 0.12736535662299855 0.017578125 0.033478893740902474
2 0.55224609375 0.23580786026200873 0.0478515625 0.09606986899563319
2 0.5498046875 0.11499272197962154 0.01953125 0.043668122270742356
2 0.58447265625 0.14483260553129548 0.0283203125 0.056768558951965066
2 0.6259765625 0.23071324599708878 0.0390625 0.08296943231441048
2 0.62744140625 0.15283842794759825 0.0224609375 0.043668122270742356
2 0.71826171875 0.20451237263464336 0.0322265625 0.06841339155749636
2 0.75634765625 0.20160116448326054 0.0361328125 0.06550218340611354
2 0.80419921875 0.1812227074235808 0.0302734375 0.056768558951965066