2 0.087890625 0.365234375 0.0234375 0.05859375
2 0.13330078125 0.24934895833333334 0.0283203125 0.06901041666666667
2 0.353515625 0.3828125 0.08984375 0.15625
2 0.4990234375 0.302734375 0.080078125 0.15494791666666666
2 0.5908203125 0.3385416666666667 0.076171875 0.1328125
2 0.7509765625 0.330078125 0.02734375 0.05859375
2 0.75 0.25 0.013671875 0.0234375
2 0.7685546875 0.2506510416666667 0.01171875 0.016927083333333332
2 0.79736328125 0.30078125 0.0302734375 0.0546875
2 0.8134765625 0.23502604166666666 0.009765625 0.016927083333333332
2 0.88037109375 0.2884114583333333 0.0458984375 0.07942708333333333
2 0.89697265625 0.23111979166666666 0.0107421875 0.01953125
2 0.9296875 0.22200520833333334 0.00390625 0.02734375
2 0.98046875 0.2506510416666667 0.01171875 0.01953125