2 0.02490234375 0.216796875 0.0185546875 0.02734375
2 0.0322265625 0.380859375 0.015625 0.053385416666666664
2 0.07568359375 0.189453125 0.0185546875 0.032552083333333336
2 0.08740234375 0.318359375 0.0263671875 0.053385416666666664
2 0.14013671875 0.20703125 0.0419921875 0.0546875
2 0.16162109375 0.376953125 0.0185546875 0.032552083333333336
2 0.2314453125 0.419921875 0.095703125 0.16796875
2 0.21337890625 0.19205729166666666 0.0126953125 0.02734375
2 0.2265625 0.13997395833333334 0.017578125 0.029947916666666668
2 0.26318359375 0.18424479166666666 0.0166015625 0.029947916666666668
2 0.29150390625 0.5384114583333334 0.0146484375 0.07161458333333333
2 0.32958984375 0.15299479166666666 0.0185546875 0.029947916666666668
2 0.36376953125 0.3665364583333333 0.0263671875 0.029947916666666668
2 0.37451171875 0.3470052083333333 0.0341796875 0.055989583333333336
2 0.38916015625 0.3938802083333333 0.0048828125 0.032552083333333336
2 0.419921875 0.16145833333333334 0.017578125 0.026041666666666668
2 0.45849609375 0.18033854166666666 0.0107421875 0.01953125
2 0.47509765625 0.25 0.0302734375 0.049479166666666664
2 0.4697265625 0.19856770833333334 0.01171875 0.016927083333333332
2 0.4951171875 0.193359375 0.01953125 0.03515625
2 0.50439453125 0.17122395833333334 0.0107421875 0.014322916666666666
2 0.51123046875 0.373046875 0.0205078125 0.045572916666666664
2 0.52978515625 0.6184895833333334 0.0517578125 0.09114583333333333
2 0.54541015625 0.21419270833333334 0.0205078125 0.024739583333333332
2 0.57080078125 0.21484375 0.0146484375 0.03125
2 0.6123046875 0.240234375 0.01171875 0.01953125
2 0.6181640625 0.3522135416666667 0.013671875 0.01953125
2 0.62744140625 0.22916666666666666 0.0322265625 0.059895833333333336
2 0.62939453125 0.15625 0.0126953125 0.0234375
2 0.66943359375 0.513671875 0.0419921875 0.06640625
2 0.66162109375 0.4453125 0.0224609375 0.036458333333333336
2 0.66455078125 0.18229166666666666 0.0166015625 0.036458333333333336
2 0.67822265625 0.236328125 0.0283203125 0.029947916666666668
2 0.6904296875 0.18294270833333334 0.017578125 0.02734375
2 0.7080078125 0.20247395833333334 0.01171875 0.029947916666666668
2 0.7265625 0.3704427083333333 0.021484375 0.03515625
2 0.74365234375 0.685546875 0.0498046875 0.08203125
2 0.73095703125 0.23893229166666666 0.0185546875 0.04296875
2 0.7353515625 0.38671875 0.00390625 0.036458333333333336
2 0.74853515625 0.4069010416666667 0.0205078125 0.05078125
2 0.77001953125 0.4407552083333333 0.0400390625 0.061197916666666664
2 0.84326171875 0.271484375 0.0947265625 0.14453125
2 0.8046875 0.4420572916666667 0.01171875 0.03515625
2 0.81787109375 0.3580729166666667 0.0205078125 0.03125