2 0.06591796875 0.416015625 0.0712890625 0.14973958333333334
2 0.06787109375 0.10026041666666667 0.0576171875 0.09375
2 0.13818359375 0.13346354166666666 0.0400390625 0.06901041666666667
2 0.16162109375 0.059244791666666664 0.0419921875 0.06380208333333333
2 0.326171875 0.3072916666666667 0.046875 0.125
2 0.330078125 0.032552083333333336 0.033203125 0.0625
2 0.3505859375 0.169921875 0.0390625 0.07161458333333333
2 0.435546875 0.09375 0.0234375 0.046875
2 0.47705078125 0.3893229166666667 0.0498046875 0.09895833333333333
2 0.50390625 0.11197916666666667 0.03515625 0.057291666666666664
2 0.54296875 0.076171875 0.0234375 0.048177083333333336
2 0.59912109375 0.109375 0.0341796875 0.0625
2 0.60791015625 0.15755208333333334 0.0439453125 0.078125
2 0.65625 0.458984375 0.05078125 0.12369791666666667
2 0.68896484375 0.3235677083333333 0.0517578125 0.08203125
2 0.7158203125 0.08854166666666667 0.037109375 0.059895833333333336
2 0.7431640625 0.029947916666666668 0.02734375 0.044270833333333336
2 0.76416015625 0.19596354166666666 0.0244140625 0.06380208333333333
2 0.919921875 0.11783854166666667 0.044921875 0.061197916666666664