2 0.04833984375 0.3184480234260615 0.0615234375 0.10395314787701318
2 0.2314453125 0.3389458272327965 0.130859375 0.2767203513909224
2 0.28857421875 0.34992679355783307 0.0166015625 0.040995607613469986
2 0.3193359375 0.36822840409956076 0.013671875 0.016105417276720352
2 0.333984375 0.36676427525622257 0.01171875 0.013177159590043924
2 0.470703125 0.2869692532942899 0.11328125 0.2430453879941435
2 0.55859375 0.36383601756954614 0.015625 0.03367496339677892
2 0.65966796875 0.41947291361639827 0.1064453125 0.15666178623718888
2 0.75341796875 0.36603221083455345 0.0068359375 0.017569546120058566
2 0.76611328125 0.3740849194729136 0.0166015625 0.027818448023426062
2 0.84130859375 0.3279648609077599 0.1279296875 0.2752562225475842