2 0.25634765625 0.2474302496328928 0.0419921875 0.11013215859030837
2 0.3447265625 0.31057268722466963 0.02734375 0.05433186490455213
2 0.396484375 0.46402349486049926 0.03515625 0.07342143906020558
2 0.4306640625 0.32599118942731276 0.03125 0.0881057268722467
2 0.53857421875 0.29295154185022027 0.0380859375 0.06901615271659324
2 0.57080078125 0.591776798825257 0.0107421875 0.05286343612334802
2 0.6064453125 0.2922173274596182 0.013671875 0.01762114537444934
2 0.6455078125 0.7577092511013216 0.05078125 0.0881057268722467
2 0.6572265625 0.5044052863436124 0.037109375 0.05433186490455213
2 0.6630859375 0.38619676945668135 0.015625 0.02643171806167401
2 0.7138671875 0.4023494860499266 0.021484375 0.04405286343612335
2 0.765625 0.3201174743024963 0.025390625 0.04405286343612335
2 0.79736328125 0.3619676945668135 0.0361328125 0.06020558002936858
2 0.84375 0.2687224669603524 0.046875 0.09104258443465492
2 0.94873046875 0.37591776798825255 0.0283203125 0.06754772393538913