2 0.00927734375 0.3704427083333333 0.0107421875 0.022135416666666668
2 0.1181640625 0.4420572916666667 0.02734375 0.02734375
2 0.15234375 0.349609375 0.013671875 0.022135416666666668
2 0.1875 0.3125 0.01171875 0.020833333333333332
2 0.19921875 0.2962239583333333 0.013671875 0.01953125
2 0.24560546875 0.3404947916666667 0.0146484375 0.014322916666666666
2 0.341796875 0.3828125 0.017578125 0.028645833333333332
2 0.49609375 0.5130208333333334 0.033203125 0.06770833333333333
2 0.68017578125 0.3763020833333333 0.0185546875 0.0390625
2 0.7626953125 0.4576822916666667 0.029296875 0.06901041666666667
2 0.81982421875 0.337890625 0.0654296875 0.08723958333333333
2 0.90185546875 0.31640625 0.0146484375 0.020833333333333332
2 0.962890625 0.349609375 0.013671875 0.01953125