2 0.00634765625 0.484375 0.0126953125 0.078125
2 0.0810546875 0.8313802083333334 0.14453125 0.15755208333333334
2 0.0830078125 0.470703125 0.0234375 0.040364583333333336
2 0.111328125 0.5716145833333334 0.0703125 0.078125
2 0.10595703125 0.490234375 0.0361328125 0.061197916666666664
2 0.17333984375 0.4401041666666667 0.0537109375 0.07552083333333333
2 0.22119140625 0.4485677083333333 0.0263671875 0.040364583333333336
2 0.2802734375 0.658203125 0.072265625 0.10026041666666667
2 0.27099609375 0.474609375 0.0322265625 0.055989583333333336
2 0.28173828125 0.4407552083333333 0.0166015625 0.037760416666666664
2 0.30712890625 0.53125 0.0380859375 0.06510416666666667
2 0.36083984375 0.564453125 0.0517578125 0.09765625
2 0.3798828125 0.4921875 0.03515625 0.0546875
2 0.4931640625 0.4440104166666667 0.01953125 0.03125
2 0.55126953125 0.5208333333333334 0.0400390625 0.06770833333333333
2 0.6220703125 0.46484375 0.0390625 0.046875
2 0.64990234375 0.4283854166666667 0.0166015625 0.036458333333333336
2 0.67431640625 0.529296875 0.0595703125 0.08203125
2 0.78759765625 0.853515625 0.1591796875 0.28515625
2 0.74609375 0.5130208333333334 0.021484375 0.059895833333333336
2 0.7548828125 0.4407552083333333 0.03515625 0.05078125
2 0.8564453125 0.423828125 0.01953125 0.03515625
2 0.90234375 0.5774739583333334 0.064453125 0.10286458333333333
2 0.92041015625 0.4759114583333333 0.0419921875 0.05078125
2 0.95166015625 0.419921875 0.0302734375 0.053385416666666664