2 0.01318359375 0.1910688140556369 0.0205078125 0.05124450951683748
2 0.0322265625 0.3689604685212299 0.046875 0.09663250366032211
2 0.07568359375 0.29941434846266474 0.0322265625 0.060029282576866766
2 0.11279296875 0.35505124450951686 0.0361328125 0.0629575402635432
2 0.1396484375 0.3418740849194729 0.033203125 0.060029282576866766
2 0.1875 0.28111273792093705 0.01953125 0.043923865300146414
2 0.19677734375 0.4238653001464129 0.0361328125 0.05417276720351391
2 0.24755859375 0.33601756954612005 0.0302734375 0.05417276720351391
2 0.27734375 0.45534407027818447 0.03515625 0.07027818448023426
2 0.38330078125 0.3411420204978038 0.0283203125 0.06442166910688141
2 0.4150390625 0.3857979502196193 0.03125 0.07174231332357248
2 0.56201171875 0.3389458272327965 0.0322265625 0.08931185944363104
2 0.57861328125 0.4568081991215227 0.0478515625 0.03806734992679356
2 0.62646484375 0.3814055636896047 0.0380859375 0.0629575402635432
2 0.7802734375 0.13103953147877012 0.05078125 0.08638360175695461