2 0.01806640625 0.4172767203513909 0.0146484375 0.029282576866764276
2 0.08154296875 0.42313323572474376 0.0849609375 0.18740849194729137
2 0.197265625 0.36822840409956076 0.021484375 0.060029282576866766
2 0.220703125 0.3118594436310395 0.064453125 0.13469985358711567
2 0.36962890625 0.4011713030746706 0.0283203125 0.06734992679355783
2 0.42431640625 0.39751098096632503 0.0615234375 0.11859443631039532
2 0.50048828125 0.4136163982430454 0.0087890625 0.01903367496339678
2 0.537109375 0.3850658857979502 0.029296875 0.04978038067349927
2 0.58447265625 0.32723279648609077 0.0693359375 0.17423133235724744
2 0.66796875 0.19399707174231332 0.087890625 0.18887262079062958
2 0.841796875 0.35212298682284043 0.03125 0.05124450951683748
2 0.923828125 0.39604685212298685 0.048828125 0.0951683748169839
2 0.95263671875 0.34699853587115664 0.0361328125 0.06149341142020498
2 0.9873046875 0.3308931185944363 0.01953125 0.043923865300146414