2 0.02392578125 0.7881231671554252 0.0478515625 0.14516129032258066
2 0.03173828125 0.6297653958944281 0.0419921875 0.08357771260997067
2 0.12060546875 0.6326979472140762 0.0322265625 0.07771260997067449
2 0.18017578125 0.7961876832844574 0.0595703125 0.11436950146627566
2 0.2353515625 0.5813782991202346 0.041015625 0.08064516129032258
2 0.27392578125 0.8225806451612904 0.0615234375 0.11436950146627566
2 0.283203125 0.6906158357771262 0.0625 0.11436950146627566
2 0.28564453125 0.9288856304985337 0.0673828125 0.13343108504398826
2 0.4052734375 0.8328445747800587 0.0625 0.10850439882697947
2 0.396484375 0.5982404692082112 0.041015625 0.05865102639296188
2 0.4501953125 0.5036656891495601 0.04296875 0.0747800586510264
2 0.5205078125 0.4237536656891496 0.076171875 0.16129032258064516
2 0.66259765625 0.7543988269794721 0.0517578125 0.08064516129032258
2 0.7880859375 0.6026392961876833 0.048828125 0.11436950146627566
2 0.82275390625 0.7668621700879765 0.0498046875 0.08211143695014662
2 0.853515625 0.5828445747800587 0.03515625 0.0689149560117302
2 0.88623046875 0.843841642228739 0.0634765625 0.1627565982404692
2 0.95166015625 0.6334310850439883 0.0595703125 0.11143695014662756
2 0.96337890625 0.47873900293255134 0.0380859375 0.07771260997067449
2 0.97900390625 0.5293255131964809 0.0322265625 0.06451612903225806
2 0.98876953125 0.7368035190615836 0.0166015625 0.13929618768328444