2 0.28076171875 0.24561403508771928 0.1103515625 0.2134502923976608
2 0.34912109375 0.5219298245614035 0.0908203125 0.14912280701754385
2 0.404296875 0.5497076023391813 0.05859375 0.12280701754385964
2 0.47021484375 0.5058479532163743 0.0634765625 0.10818713450292397
2 0.55029296875 0.46710526315789475 0.0595703125 0.09502923976608187
2 0.60009765625 0.4554093567251462 0.0341796875 0.0891812865497076
2 0.63818359375 0.4466374269005848 0.0458984375 0.0804093567251462
2 0.693359375 0.47149122807017546 0.0390625 0.059941520467836254
2 0.73046875 0.35526315789473684 0.029296875 0.05555555555555555
2 0.74755859375 0.5226608187134503 0.0380859375 0.06286549707602339
2 0.79296875 0.5307017543859649 0.01171875 0.023391812865497075
2 0.908203125 0.6754385964912281 0.0078125 0.02046783625730994