2 0.01025390625 0.5658857979502196 0.0205078125 0.024890190336749635
2 0.0234375 0.637628111273792 0.02734375 0.060029282576866766
2 0.04248046875 0.5732064421669106 0.0166015625 0.021961932650073207
2 0.0859375 0.8367496339677891 0.08203125 0.15080527086383602
2 0.08056640625 0.5871156661786238 0.0185546875 0.017569546120058566
2 0.0947265625 0.6222547584187409 0.01953125 0.02342606149341142
2 0.1142578125 0.5461200585651538 0.015625 0.020497803806734993
2 0.1416015625 0.5541727672035139 0.015625 0.03074670571010249
2 0.17431640625 0.5805270863836017 0.0166015625 0.027818448023426062
2 0.31005859375 0.7035139092240117 0.0341796875 0.06881405563689605
2 0.35595703125 0.7203513909224012 0.0302734375 0.04685212298682284
2 0.396484375 0.6771595900439239 0.033203125 0.03074670571010249
2 0.4248046875 0.6830161054172768 0.029296875 0.0424597364568082
2 0.4404296875 0.5980966325036603 0.01953125 0.03074670571010249
2 0.4833984375 0.6420204978038068 0.025390625 0.0424597364568082
2 0.50634765625 0.5900439238653001 0.0185546875 0.03513909224011713
2 0.54150390625 0.6200585651537335 0.0205078125 0.03074670571010249
2 0.556640625 0.6603221083455344 0.029296875 0.02342606149341142
2 0.578125 0.6273792093704246 0.013671875 0.027818448023426062
2 0.599609375 0.6185944363103953 0.01953125 0.027818448023426062
2 0.62060546875 0.6822840409956076 0.0419921875 0.032210834553440704
2 0.61669921875 0.5907759882869692 0.0126953125 0.01903367496339678
2 0.70703125 0.6039531478770132 0.013671875 0.027818448023426062
2 0.73828125 0.616398243045388 0.0390625 0.043923865300146414