2 0.23388671875 0.7278645833333334 0.2548828125 0.4609375
2 0.16845703125 0.2421875 0.0302734375 0.049479166666666664
2 0.22265625 0.20182291666666666 0.017578125 0.028645833333333332
2 0.275390625 0.21419270833333334 0.025390625 0.05078125
2 0.35986328125 0.12239583333333333 0.0126953125 0.026041666666666668
2 0.6533203125 0.75 0.494140625 0.4921875
2 0.57666015625 0.13541666666666666 0.0322265625 0.0546875
2 0.71142578125 0.043619791666666664 0.0244140625 0.029947916666666668
2 0.7490234375 0.013671875 0.0234375 0.02734375
2 0.85205078125 0.22135416666666666 0.0283203125 0.1171875
2 0.94140625 0.17708333333333334 0.029296875 0.125