2 0.00927734375 0.07906295754026355 0.0185546875 0.1581259150805271
2 0.04541015625 0.7130307467057101 0.0908203125 0.19912152269399708
2 0.07177734375 0.10248901903367497 0.0810546875 0.17276720351390923
2 0.17041015625 0.15592972181551976 0.0732421875 0.15666178623718888
2 0.25634765625 0.2957540263543192 0.0732421875 0.16105417276720352
2 0.30078125 0.1822840409956076 0.07421875 0.13616398243045388
2 0.384765625 0.7298682284040996 0.1015625 0.2005856515373353
2 0.37353515625 0.3806734992679356 0.0751953125 0.16105417276720352
2 0.42529296875 0.14641288433382138 0.0712890625 0.14055636896046853
2 0.5078125 0.10468521229868229 0.06640625 0.1390922401171303
2 0.529296875 0.2042459736456808 0.072265625 0.1478770131771596
2 0.6103515625 0.40922401171303074 0.072265625 0.15080527086383602
2 0.6435546875 0.821376281112738 0.087890625 0.1815519765739385
2 0.6611328125 0.10688140556368961 0.064453125 0.14055636896046853
2 0.7265625 0.24816983894582723 0.068359375 0.13323572474377746
2 0.82861328125 0.23206442166910687 0.0908203125 0.18887262079062958
2 0.8818359375 0.06661786237188873 0.087890625 0.13323572474377746
2 0.97705078125 0.18740849194729137 0.0400390625 0.19619326500732065